"0","JDH <- header(joe2)"
